ID	s	d	ts	te	LLC	size	curr node	packetID	copies
----------------------------------------------------
7	0	4	0	134	134	60	0	0	1
6	0	5	0	34	34	3000	0	8	1
1	0	4	0	133	133	60	0	0	1
9	0	3	0	168	168	600	1	1	1
6	0	5	0	165	165	3000	1	2	1
5	2	5	0	214	214	600	2	0	1
12	2	5	0	213	213	600	2	1	1
9	0	3	0	202	202	600	10	1	1
12	2	5	0	195	195	600	13	0	1
6	0	5	0	214	214	3000	15	1	1
9	0	3	0	203	203	600	16	0	1
10	0	5	0	207	207	60	17	0	1
12	2	5	0	215	215	600	25	0	1
6	0	5	0	193	193	3000	25	8	1
10	0	5	0	194	194	60	25	0	1
0	0	5	0	175	175	600	28	1	1
5	2	5	0	216	216	600	29	1	1
0	0	5	0	202	202	600	31	0	1
2	1	5	0	213	213	600	33	0	1
0	0	5	0	206	206	600	34	0	1
2	1	5	0	210	210	600	35	0	1
4	1	4	0	169	169	60	36	0	1
6	0	5	0	187	187	3000	37	4	1
6	0	5	0	183	183	3000	37	0	1
5	2	5	0	145	145	600	37	1	1
12	2	5	0	166	166	600	37	1	1
9	0	3	0	187	187	600	38	0	1
4	1	4	0	176	176	60	38	0	1
6	0	5	0	214	214	3000	39	9	1
11	0	3	0	175	175	60	40	0	1
1	0	4	0	213	213	60	42	0	1
6	0	5	0	211	211	3000	43	7	1
7	0	4	0	165	165	60	44	0	1
5	2	5	0	185	185	600	45	0	1
8	1	5	0	207	207	60	46	0	1
6	0	5	0	128	128	3000	46	5	1
6	0	5	0	130	130	3000	46	8	1
6	0	5	0	130	130	3000	46	7	1
9	0	3	0	215	215	600	47	0	1
6	0	5	0	213	213	3000	47	3	1
6	0	5	0	173	173	3000	48	3	1
6	0	5	0	202	202	3000	48	6	1
9	0	3	0	215	215	600	49	1	1
3	0	5	0	213	213	600	49	0	1
6	0	5	0	155	155	3000	49	0	1
8	1	5	0	156	156	60	49	0	1
6	0	5	0	214	214	3000	49	4	1
6	0	5	0	197	197	3000	50	9	1
6	0	5	0	137	137	3000	50	5	1
6	0	5	0	123	123	3000	50	4	1
6	0	5	0	112	112	3000	50	8	1
6	0	5	0	130	130	3000	50	0	1
8	1	5	0	138	138	60	50	0	1
6	0	5	0	185	185	3000	51	1	1
0	0	5	0	185	185	600	51	1	1
6	0	5	0	185	185	3000	51	2	1
2	1	5	0	185	185	600	51	0	1
9	0	3	0	151	151	600	51	1	1
6	0	5	0	111	111	3000	51	9	1
11	0	3	0	150	150	60	51	0	1
6	0	5	0	168	168	3000	51	7	1
6	0	5	0	157	157	3000	52	8	1
8	1	5	0	155	155	60	52	0	1
4	1	4	0	164	164	60	52	0	1
2	1	5	0	201	201	600	53	1	1
5	2	5	0	100	100	600	53	0	1
12	2	5	0	198	198	600	53	0	1
6	0	5	0	87	87	3000	0	5	1
6	0	5	0	158	158	3000	1	9	1
0	0	5	0	203	203	600	2	0	1
12	2	5	0	218	218	600	2	0	1
5	2	5	0	193	193	600	13	1	1
3	0	5	0	196	196	600	25	0	1
6	0	5	0	215	215	3000	25	6	1
8	1	5	0	213	213	60	33	0	1
0	0	5	0	196	196	600	37	1	1
6	0	5	0	187	187	3000	37	7	1
3	0	5	0	188	188	600	38	0	1
6	0	5	0	216	216	3000	39	3	1
7	0	4	0	204	204	60	43	0	1
1	0	4	0	159	159	60	44	0	1
6	0	5	0	130	130	3000	46	1	1
3	0	5	0	84	84	600	46	1	1
6	0	5	0	215	215	3000	47	2	1
11	0	3	0	195	195	60	48	0	1
1	0	4	0	215	215	60	49	0	1
6	0	5	0	156	156	3000	49	1	1
0	0	5	0	194	194	600	50	1	1
6	0	5	0	116	116	3000	50	3	1
0	0	5	0	137	137	600	50	0	1
6	0	5	0	160	160	3000	51	6	1
9	0	3	0	133	133	600	51	0	1
6	0	5	0	185	185	3000	51	0	1
6	0	5	0	185	185	3000	51	4	1
7	0	4	0	210	210	60	52	0	1
2	1	5	0	155	155	600	52	1	1
12	2	5	0	176	176	600	53	1	1
11	0	3	0	86	86	60	0	0	1
2	1	5	0	192	192	600	25	1	1
5	2	5	0	159	159	600	37	0	1
6	0	5	0	75	75	3000	38	2	1
2	1	5	0	130	130	600	46	0	1
6	0	5	0	213	213	3000	49	5	1
10	0	5	0	197	197	60	50	0	1
3	0	5	0	138	138	600	50	1	1
3	0	5	0	185	185	600	51	1	1
10	0	5	0	102	102	60	51	0	1
6	0	5	0	210	210	3000	52	6	1
5	2	5	0	181	181	600	53	1	1
3	0	5	0	200	200	600	49	1	1
2	1	5	0	112	112	600	50	1	1
3	0	5	0	177	177	600	51	0	1
19	2	4	18	132	114	2400	0	7	1
20	0	5	18	-1	-19	60	0	0	1
18	0	5	18	-1	-19	3000	0	8	1
18	0	5	18	-1	-19	3000	0	6	1
19	2	4	18	129	111	2400	0	5	1
19	2	4	18	131	113	2400	0	6	1
23	0	4	18	131	113	600	0	1	1
19	2	4	18	147	129	2400	0	4	1
17	2	5	18	235	217	2400	0	0	1
14	1	4	18	232	214	600	1	0	1
19	2	4	18	230	212	2400	1	3	1
21	0	3	18	165	147	2400	1	7	1
18	0	5	18	218	200	3000	2	6	1
18	0	5	18	218	200	3000	2	4	1
15	2	5	18	214	196	600	2	0	1
15	2	5	18	213	195	600	2	1	1
13	1	5	18	235	217	600	4	1	1
18	0	5	18	232	214	3000	10	8	1
18	0	5	18	235	217	3000	10	4	1
13	1	5	18	235	217	600	13	0	1
17	2	5	18	235	217	2400	13	2	1
17	2	5	18	233	215	2400	13	7	1
17	2	5	18	234	216	2400	13	6	1
19	2	4	18	234	216	2400	14	5	1
21	0	3	18	234	216	2400	15	0	1
19	2	4	18	229	211	2400	16	5	1
19	2	4	18	220	202	2400	17	2	1
23	0	4	18	225	207	600	20	1	1
17	2	5	18	235	217	2400	21	1	1
17	2	5	18	233	215	2400	22	0	1
19	2	4	18	228	210	2400	24	2	1
18	0	5	18	197	179	3000	25	9	1
18	0	5	18	196	178	3000	25	3	1
19	2	4	18	214	196	2400	25	5	1
18	0	5	18	227	209	3000	26	2	1
23	0	4	18	216	198	600	28	0	1
23	0	4	18	227	209	600	30	0	1
21	0	3	18	231	213	2400	31	7	1
21	0	3	18	230	212	2400	31	1	1
19	2	4	18	222	204	2400	32	4	1
18	0	5	18	213	195	3000	33	3	1
18	0	5	18	218	200	3000	34	1	1
21	0	3	18	232	214	2400	34	2	1
17	2	5	18	221	203	2400	37	7	1
18	0	5	18	183	165	3000	37	7	1
15	2	5	18	157	139	600	37	1	1
17	2	5	18	166	148	2400	37	6	1
15	2	5	18	172	154	600	37	0	1
19	2	4	18	223	205	2400	37	0	1
19	2	4	18	222	204	2400	37	3	1
23	0	4	18	213	195	600	38	0	1
19	2	4	18	225	207	2400	38	0	1
23	0	4	18	235	217	600	38	1	1
18	0	5	18	231	213	3000	39	8	1
16	0	5	18	225	207	600	39	1	1
19	2	4	18	232	214	2400	40	0	1
19	2	4	18	230	212	2400	41	3	1
19	2	4	18	230	212	2400	41	5	1
16	0	5	18	234	216	600	41	0	1
21	0	3	18	221	203	2400	41	4	1
18	0	5	18	231	213	3000	42	1	1
20	0	5	18	233	215	60	43	0	1
15	2	5	18	218	200	600	45	1	1
18	0	5	18	187	169	3000	46	0	1
18	0	5	18	128	110	3000	46	5	1
20	0	5	18	138	120	60	46	0	1
21	0	3	18	216	198	2400	46	5	1
19	2	4	18	230	212	2400	46	2	1
15	2	5	18	228	210	600	47	0	1
18	0	5	18	177	159	3000	48	8	1
21	0	3	18	195	177	2400	48	4	1
21	0	3	18	173	155	2400	48	5	1
21	0	3	18	192	174	2400	48	0	1
21	0	3	18	196	178	2400	48	3	1
19	2	4	18	177	159	2400	49	6	1
17	2	5	18	234	216	2400	49	6	1
13	1	5	18	234	216	600	49	1	1
21	0	3	18	217	199	2400	50	1	1
16	0	5	18	197	179	600	50	1	1
18	0	5	18	137	119	3000	50	6	1
18	0	5	18	113	95	3000	50	0	1
19	2	4	18	138	120	2400	50	7	1
19	2	4	18	206	188	2400	50	6	1
21	0	3	18	213	195	2400	51	6	1
20	0	5	18	185	167	60	51	0	1
18	0	5	18	185	167	3000	51	4	1
21	0	3	18	175	157	2400	51	5	1
18	0	5	18	168	150	3000	51	2	1
14	1	4	18	181	163	600	52	1	1
19	2	4	18	158	140	2400	52	0	1
23	0	4	18	214	196	600	52	1	1
18	0	5	18	155	137	3000	52	2	1
13	1	5	18	210	192	600	52	0	1
17	2	5	18	205	187	2400	53	2	1
18	0	5	18	205	187	3000	53	7	1
18	0	5	18	199	181	3000	53	0	1
13	1	5	18	177	159	600	53	0	1
15	2	5	18	59	41	600	53	1	1
17	2	5	18	198	180	2400	53	1	1
17	2	5	18	198	180	2400	53	4	1
19	2	4	18	147	129	2400	0	3	1
19	2	4	18	131	113	2400	0	1	1
18	0	5	18	-1	-19	3000	0	7	1
21	0	3	18	-1	-19	2400	0	2	1
14	1	4	18	231	213	600	1	1	1
20	0	5	18	230	212	60	1	0	1
16	0	5	18	211	193	600	2	0	1
17	2	5	18	218	200	2400	2	0	1
22	0	5	18	233	215	60	13	0	1
17	2	5	18	235	217	2400	13	4	1
21	0	3	18	230	212	2400	15	1	1
19	2	4	18	229	211	2400	16	7	1
19	2	4	18	224	206	2400	20	2	1
18	0	5	18	230	212	3000	22	5	1
18	0	5	18	216	198	3000	25	0	1
22	0	5	18	192	174	60	25	0	1
17	2	5	18	226	208	2400	26	5	1
21	0	3	18	232	214	2400	30	6	1
16	0	5	18	224	206	600	31	1	1
16	0	5	18	236	218	600	31	0	1
21	0	3	18	233	215	2400	33	0	1
17	2	5	18	226	208	2400	34	7	1
17	2	5	18	172	154	2400	37	3	1
17	2	5	18	173	155	2400	37	1	1
19	2	4	18	224	206	2400	37	1	1
19	2	4	18	235	217	2400	38	6	1
22	0	5	18	234	216	60	39	0	1
21	0	3	18	224	206	2400	41	3	1
16	0	5	18	234	216	600	41	1	1
17	2	5	18	229	211	2400	42	1	1
21	0	3	18	225	207	2400	43	3	1
21	0	3	18	220	202	2400	46	4	1
13	1	5	18	130	112	600	46	1	1
21	0	3	18	196	178	2400	48	1	1
21	0	3	18	175	157	2400	48	6	1
21	0	3	18	236	218	2400	49	6	1
21	0	3	18	234	216	2400	49	4	1
21	0	3	18	224	206	2400	50	7	1
18	0	5	18	55	37	3000	50	1	1
18	0	5	18	137	119	3000	50	2	1
21	0	3	18	174	156	2400	51	2	1
13	1	5	18	183	165	600	51	1	1
18	0	5	18	209	191	3000	51	9	1
19	2	4	18	194	176	2400	52	4	1
16	0	5	18	218	200	600	52	0	1
18	0	5	18	200	182	3000	53	4	1
17	2	5	18	182	164	2400	53	7	1
17	2	5	18	181	163	2400	53	5	1
17	2	5	18	205	187	2400	53	6	1
18	0	5	18	-1	-19	3000	0	9	1
23	0	4	18	131	113	600	0	0	1
13	1	5	18	111	93	600	1	1	1
17	2	5	18	214	196	2400	2	5	1
18	0	5	18	235	217	3000	13	1	1
19	2	4	18	237	219	2400	33	1	1
18	0	5	18	183	165	3000	37	5	1
19	2	4	18	222	204	2400	37	4	1
19	2	4	18	170	152	2400	38	1	1
19	2	4	18	230	212	2400	41	7	1
13	1	5	18	125	107	600	46	0	1
21	0	3	18	195	177	2400	48	7	1
18	0	5	18	234	216	3000	49	9	1
18	0	5	18	197	179	3000	50	3	1
21	0	3	18	186	168	2400	50	5	1
18	0	5	18	185	167	3000	51	6	1
14	1	4	18	179	161	600	52	0	1
21	0	3	18	188	170	2400	52	3	1
17	2	5	18	201	183	2400	53	0	1
17	2	5	18	198	180	2400	53	3	1
18	0	5	18	-1	-19	3000	0	5	1
17	2	5	18	126	108	2400	37	5	1
21	0	3	18	225	207	2400	41	0	1
18	0	5	18	188	170	3000	46	7	1
21	0	3	18	171	153	2400	48	2	1
22	0	5	18	131	113	60	50	0	1
18	0	5	18	129	111	3000	51	3	1
15	2	5	18	177	159	600	53	0	1
25	1	5	33	235	202	600	0	0	1
29	1	5	33	235	202	3000	0	4	1
32	2	4	33	147	114	3000	0	2	1
32	2	4	33	147	114	3000	0	3	1
26	0	4	33	131	98	600	0	0	2
32	2	4	33	131	98	3000	0	9	1
26	0	4	33	132	99	600	0	1	1
32	2	4	33	148	115	3000	0	4	1
29	1	5	33	245	212	3000	1	6	1
29	1	5	33	116	83	3000	1	0	1
32	2	4	33	230	197	3000	1	7	1
29	1	5	33	238	205	3000	2	2	1
32	2	4	33	248	215	3000	3	3	1
32	2	4	33	248	215	3000	6	7	1
32	2	4	33	244	211	3000	7	7	1
30	0	4	33	247	214	600	8	1	1
30	0	4	33	250	217	600	10	1	1
25	1	5	33	238	205	600	20	1	1
24	2	5	33	245	212	600	21	1	1
30	0	4	33	242	209	600	22	0	1
25	1	5	33	247	214	600	24	0	1
29	1	5	33	240	207	3000	24	5	1
30	0	4	33	250	217	600	24	1	1
29	1	5	33	242	209	3000	27	1	1
29	1	5	33	238	205	3000	28	1	1
32	2	4	33	247	214	3000	29	4	1
32	2	4	33	239	206	3000	30	6	1
26	0	4	33	246	213	600	32	1	1
32	2	4	33	248	215	3000	32	8	1
26	0	4	33	247	214	600	34	1	1
30	0	4	33	235	202	600	36	0	1
29	1	5	33	155	122	3000	36	0	1
24	2	5	33	187	154	600	37	0	1
32	2	4	33	222	189	3000	37	7	1
26	0	4	33	222	189	600	37	0	1
30	0	4	33	241	208	600	37	0	1
26	0	4	33	248	215	600	40	1	1
32	2	4	33	249	216	3000	40	8	1
29	1	5	33	250	217	3000	41	9	1
32	2	4	33	234	201	3000	41	2	1
27	1	5	33	239	206	600	41	0	1
29	1	5	33	146	113	3000	44	0	1
29	1	5	33	227	194	3000	44	5	1
32	2	4	33	233	200	3000	44	9	1
32	2	4	33	230	197	3000	46	0	1
29	1	5	33	157	124	3000	46	2	1
29	1	5	33	128	95	3000	46	3	1
29	1	5	33	123	90	3000	46	7	1
26	0	4	33	243	210	600	46	1	1
32	2	4	33	234	201	3000	49	1	1
29	1	5	33	198	165	3000	50	7	1
32	2	4	33	197	164	3000	50	4	1
29	1	5	33	232	199	3000	51	7	1
29	1	5	33	161	128	3000	51	6	1
32	2	4	33	226	193	3000	52	6	1
32	2	4	33	168	135	3000	52	3	1
32	2	4	33	179	146	3000	52	2	1
32	2	4	33	179	146	3000	52	5	1
27	1	5	33	206	173	600	52	1	1
27	1	5	33	180	147	600	52	0	1
29	1	5	33	152	119	3000	52	6	1
29	1	5	33	146	113	3000	52	7	1
29	1	5	33	146	113	3000	52	9	1
29	1	5	33	134	101	3000	52	0	1
29	1	5	33	82	49	3000	52	3	1
26	0	4	33	249	216	600	52	0	1
24	2	5	33	198	165	600	53	1	1
28	2	5	33	217	184	60	53	0	1
29	1	5	33	241	208	3000	53	6	1
32	2	4	33	148	115	3000	0	1	1
32	2	4	33	131	98	3000	0	6	1
30	0	4	33	133	100	600	0	1	1
32	2	4	33	149	116	3000	0	8	1
32	2	4	33	230	197	3000	1	2	1
29	1	5	33	110	77	3000	1	1	1
26	0	4	33	242	209	600	22	0	1
27	1	5	33	240	207	600	24	0	1
31	1	4	33	198	165	600	36	1	1
27	1	5	33	219	186	600	36	0	1
32	2	4	33	223	190	3000	37	9	1
30	0	4	33	251	218	600	40	0	1
32	2	4	33	247	214	3000	41	5	1
29	1	5	33	244	211	3000	41	3	1
29	1	5	33	227	194	3000	44	8	1
28	2	5	33	251	218	60	45	0	1
32	2	4	33	247	214	3000	46	1	1
25	1	5	33	110	77	600	46	1	1
27	1	5	33	214	181	600	46	1	1
32	2	4	33	184	151	3000	49	4	1
32	2	4	33	223	190	3000	50	0	1
29	1	5	33	182	149	3000	51	3	1
32	2	4	33	181	148	3000	52	9	1
32	2	4	33	158	125	3000	52	1	1
29	1	5	33	179	146	3000	52	1	1
25	1	5	33	146	113	600	52	1	1
29	1	5	33	148	115	3000	52	4	1
29	1	5	33	188	155	3000	52	2	1
27	1	5	33	241	208	600	53	1	1
29	1	5	33	235	202	3000	0	8	1
30	0	4	33	131	98	600	0	0	1
29	1	5	33	222	189	3000	1	7	1
24	2	5	33	252	219	600	2	0	1
32	2	4	33	222	189	3000	37	5	1
30	0	4	33	245	212	600	40	1	1
32	2	4	33	230	197	3000	41	6	1
29	1	5	33	227	194	3000	44	9	1
29	1	5	33	130	97	3000	46	4	1
29	1	5	33	187	154	3000	50	5	1
32	2	4	33	180	147	3000	52	0	1
25	1	5	33	180	147	600	52	0	1
29	1	5	33	134	101	3000	52	8	1
32	2	4	33	132	99	3000	0	0	1
29	1	5	33	163	130	3000	46	9	1
31	1	4	33	179	146	600	52	0	1
29	1	5	33	146	113	3000	52	5	1
32	2	4	33	147	114	3000	0	5	1
34	0	3	47	251	204	3000	0	3	1
36	1	3	47	235	188	60	0	0	1
34	0	3	47	235	188	3000	0	5	1
37	2	4	47	148	101	600	0	0	1
35	1	5	47	264	217	2400	0	3	1
35	1	5	47	229	182	2400	1	2	1
35	1	5	47	163	116	2400	1	3	1
35	1	5	47	222	175	2400	1	5	1
34	0	3	47	238	191	3000	1	3	1
35	1	5	47	232	185	2400	2	1	1
33	1	5	47	252	205	600	2	0	1
34	0	3	47	264	217	3000	13	7	1
37	2	4	47	262	215	600	17	1	1
33	1	5	47	264	217	600	19	1	1
34	0	3	47	261	214	3000	19	4	1
36	1	3	47	259	212	60	19	0	1
33	1	5	47	249	202	600	20	1	1
34	0	3	47	248	201	3000	20	1	1
34	0	3	47	258	211	3000	21	4	1
34	0	3	47	258	211	3000	22	6	1
34	0	3	47	257	210	3000	22	9	1
35	1	5	47	234	187	2400	28	2	1
35	1	5	47	233	186	2400	28	5	1
34	0	3	47	263	216	3000	31	7	1
34	0	3	47	261	214	3000	32	2	1
35	1	5	47	210	163	2400	36	5	1
34	0	3	47	264	217	3000	37	0	1
38	2	5	47	254	207	60	37	0	1
35	1	5	47	261	214	2400	38	0	1
34	0	3	47	262	215	3000	40	6	1
34	0	3	47	224	177	3000	41	0	1
34	0	3	47	225	178	3000	41	3	1
37	2	4	47	251	204	600	42	0	1
33	1	5	47	252	205	600	42	0	1
34	0	3	47	260	213	3000	43	4	1
35	1	5	47	219	172	2400	44	3	1
35	1	5	47	228	181	2400	46	4	1
34	0	3	47	216	169	3000	46	1	1
34	0	3	47	168	121	3000	46	9	1
35	1	5	47	163	116	2400	46	6	1
33	1	5	47	211	164	600	46	0	1
34	0	3	47	237	190	3000	46	6	1
34	0	3	47	264	217	3000	47	2	1
34	0	3	47	249	202	3000	48	9	1
35	1	5	47	244	197	2400	49	3	1
35	1	5	47	250	203	2400	51	1	1
34	0	3	47	232	185	3000	51	7	1
34	0	3	47	209	162	3000	51	4	1
34	0	3	47	213	166	3000	51	1	1
34	0	3	47	233	186	3000	51	5	1
37	2	4	47	227	180	600	52	1	1
35	1	5	47	188	141	2400	52	6	1
35	1	5	47	152	105	2400	52	0	1
35	1	5	47	152	105	2400	52	4	1
35	1	5	47	146	99	2400	52	3	1
35	1	5	47	157	110	2400	52	1	1
35	1	5	47	199	152	2400	53	7	1
35	1	5	47	238	191	2400	0	7	1
35	1	5	47	235	188	2400	0	0	1
35	1	5	47	256	209	2400	1	0	1
35	1	5	47	118	71	2400	1	6	1
35	1	5	47	256	209	2400	2	7	1
34	0	3	47	265	218	3000	11	0	1
34	0	3	47	263	216	3000	19	2	1
35	1	5	47	249	202	2400	20	4	1
37	2	4	47	261	214	600	22	0	1
35	1	5	47	238	191	2400	28	6	1
35	1	5	47	254	207	2400	37	1	1
34	0	3	47	261	214	3000	38	8	1
34	0	3	47	230	183	3000	41	5	1
34	0	3	47	254	207	3000	42	7	1
35	1	5	47	227	180	2400	44	2	1
36	1	3	47	217	170	60	46	0	1
33	1	5	47	114	67	600	46	1	1
34	0	3	47	216	169	3000	46	8	1
37	2	4	47	262	215	600	47	0	1
34	0	3	47	255	208	3000	51	3	1
35	1	5	47	209	162	2400	51	5	1
34	0	3	47	246	199	3000	51	2	1
35	1	5	47	81	34	2400	52	2	1
35	1	5	47	152	105	2400	52	5	1
35	1	5	47	237	190	2400	0	2	1
37	2	4	47	225	178	600	1	1	1
38	2	5	47	266	219	60	21	0	1
34	0	3	47	258	211	3000	22	8	1
35	1	5	47	232	185	2400	28	4	1
34	0	3	47	260	213	3000	37	9	1
36	1	3	47	221	174	60	41	0	1
35	1	5	47	251	204	2400	42	6	1
34	0	3	47	214	167	3000	46	0	1
34	0	3	47	198	151	3000	51	6	1
33	1	5	47	188	141	600	52	0	1
37	2	4	47	147	100	600	0	1	1
35	1	5	47	228	181	2400	1	4	1
35	1	5	47	209	162	2400	46	7	1
33	1	5	47	223	176	600	51	0	1
33	1	5	47	152	105	600	52	1	1
43	0	5	67	283	216	3000	0	1	1
43	0	5	67	235	168	3000	0	6	1
43	0	5	67	250	183	3000	0	5	1
43	0	5	67	239	172	3000	1	3	1
40	1	4	67	221	154	600	1	1	1
42	0	4	67	271	204	600	7	0	1
39	0	4	67	278	211	60	10	0	1
43	0	5	67	279	212	3000	17	4	1
43	0	5	67	280	213	3000	17	6	1
43	0	5	67	271	204	3000	21	8	1
43	0	5	67	266	199	3000	21	4	1
41	2	5	67	265	198	600	21	1	1
43	0	5	67	270	203	3000	21	7	1
43	0	5	67	280	213	3000	25	4	1
43	0	5	67	278	211	3000	25	1	1
39	0	4	67	272	205	60	26	0	1
42	0	4	67	276	209	600	27	0	1
40	1	4	67	283	216	600	30	1	1
43	0	5	67	283	216	3000	31	9	1
43	0	5	67	274	207	3000	33	9	1
39	0	4	67	276	209	60	33	0	1
41	2	5	67	212	145	600	37	1	1
42	0	4	67	274	207	600	38	1	1
43	0	5	67	252	185	3000	42	0	1
43	0	5	67	242	175	3000	46	9	1
43	0	5	67	213	146	3000	46	2	1
43	0	5	67	259	192	3000	46	4	1
41	2	5	67	263	196	600	46	0	1
42	0	4	67	273	206	600	46	0	1
43	0	5	67	266	199	3000	49	2	1
42	0	4	67	273	206	600	50	0	1
43	0	5	67	232	165	3000	51	3	1
41	2	5	67	222	155	600	51	0	1
43	0	5	67	209	142	3000	51	6	1
42	0	4	67	277	210	600	51	0	1
40	1	4	67	278	211	600	52	0	1
43	0	5	67	240	173	3000	53	8	1
41	2	5	67	217	150	600	53	1	1
43	0	5	67	234	167	3000	0	0	1
42	0	4	67	238	171	600	1	1	1
42	0	4	67	278	211	600	10	1	1
43	0	5	67	279	212	3000	17	8	1
43	0	5	67	285	218	3000	17	7	1
43	0	5	67	280	213	3000	21	1	1
43	0	5	67	262	195	3000	21	5	1
43	0	5	67	281	214	3000	25	0	1
43	0	5	67	276	209	3000	33	3	1
43	0	5	67	267	200	3000	46	5	1
42	0	4	67	247	180	600	46	1	1
43	0	5	67	283	216	3000	49	1	1
43	0	5	67	281	214	3000	51	5	1
43	0	5	67	209	142	3000	51	9	1
39	0	4	67	226	159	60	52	0	1
43	0	5	67	180	113	3000	53	7	1
43	0	5	67	241	174	3000	0	2	1
40	1	4	67	225	158	600	1	0	1
41	2	5	67	266	199	600	21	0	1
43	0	5	67	280	213	3000	25	6	1
43	0	5	67	286	219	3000	38	7	1
43	0	5	67	259	192	3000	46	3	1
43	0	5	67	224	157	3000	51	0	1
43	0	5	67	270	203	3000	21	2	1
43	0	5	67	213	146	3000	51	8	1
46	1	5	78	234	156	3000	1	0	1
46	1	5	78	228	150	3000	1	5	1
46	1	5	78	183	105	3000	1	8	1
46	1	5	78	227	149	3000	1	7	1
46	1	5	78	295	217	3000	1	1	1
46	1	5	78	292	214	3000	2	1	1
45	2	5	78	291	213	600	2	0	1
45	2	5	78	291	213	600	2	1	1
47	0	5	78	295	217	2400	2	6	1
47	0	5	78	288	210	2400	6	3	1
47	0	5	78	291	213	2400	9	0	1
45	2	5	78	273	195	600	13	0	1
47	0	5	78	293	215	2400	17	3	1
46	1	5	78	279	201	3000	20	2	1
46	1	5	78	237	159	3000	20	5	1
45	2	5	78	265	187	600	21	1	1
47	0	5	78	279	201	2400	25	1	1
46	1	5	78	238	160	3000	28	2	1
46	1	5	78	233	155	3000	28	5	1
46	1	5	78	244	166	3000	28	9	1
44	2	5	78	292	214	60	29	0	1
46	1	5	78	289	211	3000	30	9	1
46	1	5	78	293	215	3000	36	6	1
45	2	5	78	221	143	600	37	1	1
44	2	5	78	286	208	60	37	0	1
46	1	5	78	292	214	3000	37	3	1
47	0	5	78	295	217	2400	41	2	1
45	2	5	78	292	214	600	41	0	1
47	0	5	78	287	209	2400	42	7	1
46	1	5	78	288	210	3000	44	7	1
46	1	5	78	293	215	3000	45	1	1
47	0	5	78	291	213	2400	46	4	1
44	2	5	78	287	209	60	46	0	1
47	0	5	78	211	133	2400	46	3	1
45	2	5	78	240	162	600	46	1	1
47	0	5	78	294	216	2400	46	2	1
47	0	5	78	282	204	2400	47	4	1
47	0	5	78	284	206	2400	47	5	1
46	1	5	78	277	199	3000	48	4	1
48	0	3	78	291	213	60	49	0	1
47	0	5	78	278	200	2400	50	0	1
47	0	5	78	213	135	2400	51	2	1
47	0	5	78	209	131	2400	51	7	1
47	0	5	78	198	120	2400	51	3	1
47	0	5	78	280	202	2400	51	1	1
46	1	5	78	280	202	3000	51	4	1
47	0	5	78	291	213	2400	52	1	1
46	1	5	78	157	79	3000	52	6	1
46	1	5	78	146	68	3000	52	2	1
46	1	5	78	152	74	3000	52	9	1
46	1	5	78	152	74	3000	52	4	1
46	1	5	78	292	214	3000	52	3	1
48	0	3	78	292	214	60	52	0	1
46	1	5	78	277	199	3000	53	3	1
48	0	3	78	292	214	60	53	0	1
46	1	5	78	229	151	3000	1	9	1
46	1	5	78	183	105	3000	1	2	1
46	1	5	78	291	213	3000	2	0	1
44	2	5	78	296	218	60	2	0	1
47	0	5	78	285	207	2400	20	5	1
46	1	5	78	232	154	3000	28	6	1
47	0	5	78	296	218	2400	33	1	1
46	1	5	78	218	140	3000	36	8	1
47	0	5	78	292	214	2400	37	0	1
47	0	5	78	256	178	2400	37	6	1
47	0	5	78	292	214	2400	41	5	1
47	0	5	78	294	216	2400	46	0	1
47	0	5	78	263	185	2400	46	7	1
47	0	5	78	282	204	2400	47	7	1
47	0	5	78	278	200	2400	48	1	1
47	0	5	78	294	216	2400	50	2	1
46	1	5	78	280	202	3000	51	7	1
47	0	5	78	205	127	2400	51	4	1
47	0	5	78	292	214	2400	52	5	1
46	1	5	78	152	74	3000	52	8	1
46	1	5	78	139	61	3000	52	5	1
47	0	5	78	240	162	2400	53	6	1
46	1	5	78	219	141	3000	1	4	1
47	0	5	78	292	214	2400	2	4	1
46	1	5	78	297	219	3000	9	0	1
47	0	5	78	248	170	2400	20	2	1
46	1	5	78	238	160	3000	28	4	1
45	2	5	78	292	214	600	37	0	1
46	1	5	78	297	219	3000	44	6	1
47	0	5	78	287	209	2400	46	6	1
46	1	5	78	209	131	3000	51	8	1
46	1	5	78	291	213	3000	52	1	1
46	1	5	78	222	144	3000	52	7	1
46	1	5	78	210	132	3000	46	3	1
48	0	3	78	280	202	60	51	0	1
46	1	5	78	152	74	3000	52	0	1
52	2	4	98	308	210	600	0	0	1
49	0	4	98	297	199	600	0	1	1
49	0	4	98	221	123	600	1	0	1
52	2	4	98	315	217	600	5	0	1
53	0	5	98	307	209	60	6	0	1
52	2	4	98	314	216	600	18	1	1
53	0	5	98	307	209	60	20	0	1
54	1	5	98	308	210	60	20	0	1
51	2	5	98	303	205	600	21	0	1
53	0	5	98	309	211	60	21	0	1
49	0	4	98	263	165	600	26	1	1
50	1	3	98	304	206	600	28	1	1
51	2	5	98	313	215	600	29	0	1
50	1	3	98	306	208	600	31	0	1
51	2	5	98	304	206	600	37	1	1
50	1	3	98	315	217	600	41	0	1
50	1	3	98	299	201	600	43	0	1
52	2	4	98	303	205	600	44	1	1
54	1	5	98	297	199	60	44	0	1
55	2	5	98	310	212	60	45	0	1
52	2	4	98	280	182	600	46	0	1
50	1	3	98	296	198	600	50	1	1
49	0	4	98	273	175	600	50	0	1
50	1	3	98	199	101	600	51	1	1
50	1	3	98	146	48	600	52	1	1
50	1	3	98	222	124	600	52	0	1
52	2	4	98	299	201	600	52	0	1
55	2	5	98	217	119	60	53	0	1
52	2	4	98	284	186	600	0	1	1
50	1	3	98	247	149	600	20	1	1
51	2	5	98	306	208	600	21	1	1
49	0	4	98	297	199	600	41	0	1
49	0	4	98	304	206	600	46	1	1
52	2	4	98	266	168	600	50	1	1
54	1	5	98	280	182	60	51	0	1
49	0	4	98	274	176	600	52	0	1
54	1	5	98	152	54	60	52	0	1
53	0	5	98	300	202	60	53	0	1
49	0	4	98	316	218	600	0	1	1
49	0	4	98	299	201	600	52	1	1
56	0	4	118	308	190	600	0	1	1
64	2	4	118	285	167	60	0	0	1
56	0	4	118	299	181	600	0	0	1
61	1	3	118	322	204	60	1	0	1
65	1	3	118	162	44	2400	1	7	1
59	2	5	118	332	214	600	2	0	1
59	2	5	118	331	213	600	2	1	1
65	1	3	118	318	200	2400	4	4	1
65	1	3	118	319	201	2400	4	7	1
69	1	3	118	333	215	600	9	1	1
57	1	4	118	329	211	600	12	0	1
62	1	4	118	328	210	60	12	0	1
59	2	5	118	325	207	600	13	0	1
66	0	5	118	334	216	60	19	0	1
65	1	3	118	333	215	2400	19	4	1
69	1	3	118	335	217	600	19	1	1
57	1	4	118	287	169	600	20	0	1
65	1	3	118	307	189	2400	20	6	1
65	1	3	118	247	129	2400	20	1	1
65	1	3	118	308	190	2400	20	3	1
65	1	3	118	332	214	2400	20	5	1
68	2	5	118	320	202	60	21	0	1
56	0	4	118	330	212	600	26	1	1
65	1	3	118	305	187	2400	28	6	1
56	0	4	118	335	217	600	29	1	1
67	0	4	118	331	213	600	30	0	1
56	0	4	118	327	209	600	30	0	1
67	0	4	118	333	215	600	33	0	1
61	1	3	118	333	215	60	34	0	1
65	1	3	118	332	214	2400	36	5	1
59	2	5	118	329	211	600	37	1	1
58	2	5	118	330	212	60	37	0	1
65	1	3	118	333	215	2400	38	0	1
67	0	4	118	333	215	600	43	1	1
69	1	3	118	332	214	600	43	0	1
62	1	4	118	329	211	60	44	0	1
60	1	5	118	331	213	60	44	0	1
65	1	3	118	331	213	2400	44	2	1
65	1	3	118	329	211	2400	44	7	1
65	1	3	118	330	212	2400	44	4	1
58	2	5	118	332	214	60	45	0	1
67	0	4	118	297	179	600	46	1	1
69	1	3	118	333	215	600	47	1	1
60	1	5	118	320	202	60	47	0	1
63	2	3	118	330	212	60	47	0	1
68	2	5	118	335	217	60	47	0	1
56	0	4	118	333	215	600	48	1	1
58	2	5	118	318	200	60	49	0	1
69	1	3	118	335	217	600	50	0	1
68	2	5	118	301	183	60	50	0	1
56	0	4	118	263	145	600	50	0	1
61	1	3	118	321	203	60	50	0	1
69	1	3	118	208	90	600	51	1	1
64	2	4	118	319	201	60	52	0	1
62	1	4	118	249	131	60	52	0	1
67	0	4	118	226	108	600	52	0	1
57	1	4	118	236	118	600	52	1	1
63	2	3	118	291	173	60	52	0	1
65	1	3	118	199	81	2400	52	5	1
65	1	3	118	151	33	2400	52	1	3
65	1	3	118	151	33	2400	52	3	1
65	1	3	118	151	33	2400	52	6	1
61	1	3	118	328	210	60	52	0	1
67	0	4	118	297	179	600	0	1	1
66	0	5	118	317	199	60	1	0	1
58	2	5	118	331	213	60	2	0	1
65	1	3	118	316	198	2400	4	3	1
57	1	4	118	328	210	600	12	1	1
69	1	3	118	333	215	600	19	0	1
60	1	5	118	323	205	60	20	0	1
65	1	3	118	307	189	2400	20	4	1
64	2	4	118	327	209	60	30	0	1
68	2	5	118	318	200	60	37	0	1
66	0	5	118	300	182	60	38	0	1
65	1	3	118	330	212	2400	43	5	1
65	1	3	118	332	214	2400	44	0	1
65	1	3	118	329	211	2400	44	3	1
59	2	5	118	324	206	600	47	0	1
64	2	4	118	264	146	60	50	0	1
60	1	5	118	305	187	60	50	0	1
65	1	3	118	318	200	2400	51	6	1
57	1	4	118	336	218	600	52	1	1
56	0	4	118	228	110	600	52	0	1
67	0	4	118	299	181	600	52	1	1
60	1	5	118	326	208	60	52	0	1
65	1	3	118	151	33	2400	52	2	3
65	1	3	118	249	131	2400	52	7	1
67	0	4	118	283	165	600	0	0	1
65	1	3	118	322	204	2400	1	0	1
66	0	5	118	330	212	60	2	0	1
59	2	5	118	337	219	600	11	1	1
65	1	3	118	331	213	2400	44	6	1
69	1	3	118	321	203	600	47	0	1
59	2	5	118	299	181	600	50	1	1
57	1	4	118	237	119	600	52	0	1
65	1	3	118	337	219	2400	52	7	1
65	1	3	118	151	33	2400	52	4	1
65	1	3	118	297	179	2400	44	5	1
56	0	4	118	320	202	600	52	1	1
65	1	3	118	151	33	2400	52	0	1
78	0	4	135	297	162	60	0	0	1
73	0	4	135	283	148	60	0	0	1
70	1	5	135	322	187	600	1	1	1
75	1	4	135	328	193	600	12	0	1
78	0	4	135	347	212	60	14	0	1
73	0	4	135	348	213	60	14	0	1
71	2	4	135	318	183	60	20	0	1
75	1	4	135	287	152	600	20	1	1
70	1	5	135	311	176	600	20	1	1
77	0	5	135	348	213	600	21	1	1
80	1	5	135	347	212	600	21	1	1
80	1	5	135	343	208	600	21	0	1
72	0	4	135	347	212	60	22	0	1
78	0	4	135	328	193	60	22	0	1
75	1	4	135	341	206	600	28	1	1
74	2	5	135	342	207	600	29	0	1
80	1	5	135	318	183	600	30	1	1
77	0	5	135	349	214	600	31	1	1
77	0	5	135	346	211	600	31	0	1
80	1	5	135	346	211	600	37	0	1
79	2	5	135	331	196	60	37	0	1
77	0	5	135	339	204	600	38	0	1
70	1	5	135	348	213	600	40	0	1
70	1	5	135	352	217	600	40	1	1
77	0	5	135	326	191	600	41	1	1
80	1	5	135	335	200	600	43	1	1
76	1	4	135	310	175	60	44	0	1
75	1	4	135	325	190	600	44	1	1
74	2	5	135	341	206	600	45	0	1
77	0	5	135	348	213	600	49	0	1
80	1	5	135	306	171	600	50	0	1
78	0	4	135	262	127	60	50	0	2
73	0	4	135	261	126	60	50	0	2
76	1	4	135	261	126	60	50	0	1
80	1	5	135	297	162	600	50	1	1
75	1	4	135	238	103	600	52	1	1
76	1	4	135	237	102	60	52	0	1
80	1	5	135	326	191	600	52	0	1
81	2	5	135	340	205	60	53	0	1
72	0	4	135	298	163	60	0	0	1
72	0	4	135	346	211	60	14	0	1
76	1	4	135	333	198	60	20	0	1
74	2	5	135	345	210	600	21	1	1
81	2	5	135	347	212	60	21	0	1
73	0	4	135	343	208	60	22	0	1
70	1	5	135	350	215	600	29	0	1
79	2	5	135	350	215	60	30	0	1
70	1	5	135	345	210	600	31	0	1
74	2	5	135	344	209	600	37	1	1
77	0	5	135	348	213	600	38	1	1
75	1	4	135	308	173	600	44	0	1
70	1	5	135	310	175	600	49	1	1
79	2	5	135	299	164	60	50	0	1
72	0	4	135	261	126	60	50	0	2
70	1	5	135	286	151	600	50	0	1
71	2	4	135	299	164	60	52	0	1
70	1	5	135	178	43	600	52	1	1
71	2	4	135	297	162	60	0	0	1
75	1	4	135	286	151	600	20	0	1
79	2	5	135	346	211	60	21	0	1
71	2	4	135	261	126	60	50	0	1
75	1	4	135	234	99	600	52	0	1
77	0	5	135	291	156	600	50	0	1
144	2	4	237	303	66	60	0	0	1
143	1	4	237	295	58	600	0	0	1
149	2	4	237	293	56	3000	0	8	1
149	2	4	237	281	44	3000	0	2	1
149	2	4	237	279	42	3000	0	3	1
142	0	4	237	279	42	600	0	0	2
142	0	4	237	279	42	600	0	1	2
148	0	4	237	279	42	60	0	0	2
149	2	4	237	279	42	3000	0	4	1
149	2	4	237	279	42	3000	0	5	1
149	2	4	237	279	42	3000	0	6	1
149	2	4	237	273	36	3000	0	1	1
149	2	4	237	274	37	3000	0	7	1
141	1	4	237	280	43	3000	0	8	1
149	2	4	237	280	43	3000	0	0	1
149	2	4	237	286	49	3000	0	9	1
141	1	4	237	294	57	3000	0	6	1
133	2	4	225	279	54	60	0	0	1
126	1	4	206	343	137	600	0	0	1
125	0	4	206	279	73	2400	0	1	2
125	0	4	206	279	73	2400	0	0	2
121	0	4	206	279	73	600	0	1	2
121	0	4	206	279	73	600	0	0	2
129	0	4	206	280	74	60	0	0	2
125	0	4	206	280	74	2400	0	7	2
125	0	4	206	280	74	2400	0	6	2
125	0	4	206	280	74	2400	0	5	2
125	0	4	206	280	74	2400	0	4	2
125	0	4	206	280	74	2400	0	3	2
125	0	4	206	280	74	2400	0	2	2
111	0	4	190	297	107	60	0	0	1
115	0	4	190	295	105	600	0	1	1
115	0	4	190	295	105	600	0	0	1
110	0	4	190	295	105	600	0	1	1
110	0	4	190	284	94	600	0	0	1
104	0	4	190	296	106	600	0	1	1
104	0	4	190	296	106	600	0	0	1
90	0	4	171	299	128	2400	0	4	1
99	0	4	171	297	126	600	0	1	1
90	0	4	171	297	126	2400	0	0	1
90	0	4	171	295	124	2400	0	1	1
90	0	4	171	295	124	2400	0	6	1
90	0	4	171	283	112	2400	0	7	1
97	0	4	171	283	112	60	0	0	1
91	0	4	171	284	113	60	0	0	1
90	0	4	171	296	125	2400	0	2	1
90	0	4	171	296	125	2400	0	3	1
90	0	4	171	296	125	2400	0	5	1
99	0	4	171	298	127	600	0	0	1
82	0	4	152	285	133	60	0	0	1
86	0	4	152	283	131	600	0	0	1
86	0	4	152	277	125	600	0	1	1
84	0	4	152	284	132	600	0	0	1
84	0	4	152	296	144	600	0	1	1
144	2	4	237	357	120	60	1	0	1
149	2	4	237	357	120	3000	1	2	1
149	2	4	237	357	120	3000	1	7	1
149	2	4	237	357	120	3000	1	0	1
149	2	4	237	357	120	3000	1	5	1
142	0	4	237	357	120	600	1	1	1
149	2	4	237	353	116	3000	1	9	1
141	1	4	237	340	103	3000	1	3	1
141	1	4	237	346	109	3000	1	4	1
147	1	4	237	350	113	60	1	0	1
140	1	3	237	358	121	2400	1	6	1
146	1	3	237	358	121	60	1	0	1
140	1	3	237	358	121	2400	1	7	1
140	1	3	237	358	121	2400	1	1	1
145	1	3	237	358	121	600	1	0	1
143	1	4	237	358	121	600	1	1	1
129	0	4	206	355	149	60	1	0	1
126	1	4	206	331	125	600	1	1	1
125	0	4	206	354	148	2400	1	0	1
105	1	5	190	248	58	3000	1	0	1
103	1	3	190	318	128	2400	1	3	1
109	1	5	190	356	166	60	1	0	1
93	1	4	171	359	188	600	1	0	1
88	1	4	171	331	160	2400	1	6	1
94	0	3	171	323	152	2400	1	3	1
92	0	3	171	321	150	60	1	0	1
89	1	5	171	321	150	600	1	1	1
95	1	5	171	301	130	600	1	0	1
98	0	5	171	322	151	60	1	0	1
95	1	5	171	322	151	600	1	1	1
140	1	3	237	350	113	2400	2	4	1
140	1	3	237	354	117	2400	2	5	1
140	1	3	237	358	121	2400	2	2	1
136	0	5	225	357	132	600	2	0	1
116	2	5	206	358	152	3000	2	9	1
105	1	5	190	355	165	3000	2	1	1
103	1	3	190	354	164	2400	2	7	1
94	0	3	171	359	188	2400	2	4	1
99	0	4	171	359	188	600	2	1	1
98	0	5	171	355	184	60	2	0	1
94	0	3	171	355	184	2400	2	1	1
94	0	3	171	355	184	2400	2	6	1
140	1	3	237	358	121	2400	4	4	1
103	1	3	190	359	169	2400	4	2	1
105	1	5	190	359	169	3000	4	2	1
105	1	5	190	357	167	3000	4	3	1
105	1	5	190	358	168	3000	4	1	1
103	1	3	190	358	168	2400	4	4	1
103	1	3	190	358	168	2400	4	6	1
103	1	3	190	358	168	2400	4	1	1
94	0	3	171	359	188	2400	4	6	1
89	1	5	171	357	186	600	4	1	1
94	0	3	171	358	187	2400	4	0	1
95	1	5	171	358	187	600	4	0	1
87	1	5	152	358	206	600	4	1	1
145	1	3	237	359	122	600	6	0	1
140	1	3	237	357	120	2400	6	3	1
138	1	3	225	359	134	600	6	1	1
127	1	3	206	359	153	600	6	1	1
122	0	5	206	359	153	600	6	1	1
105	1	5	190	359	169	3000	6	4	1
105	1	5	190	356	166	3000	6	5	1
89	1	5	171	359	188	600	6	0	1
94	0	3	171	357	186	2400	6	1	1
83	0	5	152	359	207	3000	6	9	1
83	0	5	152	359	207	3000	6	5	1
149	2	4	237	358	121	3000	9	8	1
149	2	4	237	358	121	3000	9	6	1
149	2	4	237	358	121	3000	9	1	1
136	0	5	225	348	123	600	9	1	1
136	0	5	225	358	133	600	9	0	1
122	0	5	206	359	153	600	9	0	1
116	2	5	206	348	142	3000	9	3	1
125	0	4	206	358	152	2400	9	2	1
116	2	5	206	358	152	3000	9	8	1
119	0	5	206	358	152	60	9	0	1
121	0	4	206	358	152	600	9	1	1
122	0	5	206	358	152	600	9	1	1
130	0	5	206	358	152	60	9	0	1
105	1	5	190	359	169	3000	9	7	1
115	0	4	190	355	165	600	9	1	1
112	2	5	190	349	159	2400	9	6	1
115	0	4	190	348	158	600	9	0	1
110	0	4	190	354	164	600	9	0	1
112	2	5	190	358	168	2400	9	7	1
104	0	4	190	358	168	600	9	1	1
83	0	5	152	359	207	3000	9	3	1
83	0	5	152	349	197	3000	9	8	1
145	1	3	237	359	122	600	10	1	1
145	1	3	237	350	113	600	10	0	1
140	1	3	237	356	119	2400	10	7	1
127	1	3	206	355	149	600	10	1	1
103	1	3	190	351	161	2400	10	7	1
94	0	3	171	348	177	2400	10	0	1
94	0	3	171	356	185	2400	10	2	1
146	1	3	237	359	122	60	11	0	1
149	2	4	237	359	122	3000	12	1	1
141	1	4	237	359	122	3000	12	5	1
141	1	4	237	359	122	3000	12	2	1
141	1	4	237	350	113	3000	12	7	1
132	1	4	225	347	122	600	12	1	1
126	1	4	206	359	153	600	12	1	1
118	1	4	206	359	153	3000	12	9	1
118	1	4	206	359	153	3000	12	2	1
123	1	4	206	359	153	60	12	0	1
118	1	4	206	359	153	3000	12	5	1
118	1	4	206	349	143	3000	12	8	1
128	1	4	206	336	130	600	12	1	1
128	1	4	206	350	144	600	12	0	1
108	1	4	190	359	169	600	12	0	1
113	1	4	190	359	169	60	12	0	1
103	1	3	190	357	167	2400	12	5	1
105	1	5	190	357	167	3000	12	6	1
105	1	5	190	357	167	3000	12	8	1
103	1	3	190	354	164	2400	12	6	1
105	1	5	190	353	163	3000	12	2	1
106	1	4	190	347	157	60	12	0	1
100	1	4	171	359	188	3000	12	3	1
100	1	4	171	359	188	3000	12	7	1
89	1	5	171	357	186	600	12	0	1
95	1	5	171	355	184	600	12	0	1
88	1	4	171	349	178	2400	12	6	1
88	1	4	171	349	178	2400	12	5	1
88	1	4	171	349	178	2400	12	2	1
100	1	4	171	347	176	3000	12	5	1
100	1	4	171	347	176	3000	12	8	1
100	1	4	171	336	165	3000	12	9	1
88	1	4	171	346	175	2400	12	4	1
85	1	4	152	347	195	2400	12	3	1
136	0	5	225	356	131	600	13	1	1
116	2	5	206	353	147	3000	13	4	1
116	2	5	206	357	151	3000	13	1	1
112	2	5	190	355	165	2400	13	4	1
83	0	5	152	354	202	3000	13	4	1
124	1	5	206	359	153	60	14	0	1
127	1	3	206	358	152	600	14	0	1
105	1	5	190	359	169	3000	14	4	1
104	0	4	190	359	169	600	14	0	1
103	1	3	190	355	165	2400	14	6	1
101	0	5	171	359	188	600	14	1	1
100	1	4	171	359	188	3000	14	0	1
91	0	4	171	346	175	60	14	0	1
84	0	4	152	354	202	600	16	0	1
133	2	4	225	357	132	60	17	0	1
130	0	5	206	353	147	60	17	0	1
112	2	5	190	353	163	2400	17	1	1
105	1	5	190	354	164	3000	17	8	1
140	1	3	237	359	122	2400	18	0	1
103	1	3	190	357	167	2400	18	1	1
140	1	3	237	359	122	2400	19	1	1
94	0	3	171	359	188	2400	19	0	1
141	1	4	237	359	122	3000	20	0	1
149	2	4	237	356	119	3000	20	2	1
141	1	4	237	353	116	3000	20	4	1
149	2	4	237	353	116	3000	20	7	1
143	1	4	237	353	116	600	20	1	1
141	1	4	237	353	116	3000	20	1	1
149	2	4	237	347	110	3000	20	0	1
141	1	4	237	345	108	3000	20	6	1
141	1	4	237	328	91	3000	20	5	1
141	1	4	237	343	106	3000	20	7	1
143	1	4	237	344	107	600	20	0	1
141	1	4	237	346	109	3000	20	3	1
149	2	4	237	346	109	3000	20	5	1
141	1	4	237	346	109	3000	20	8	1
132	1	4	225	353	128	600	20	1	1
131	1	4	225	347	122	60	20	0	1
139	1	4	225	335	110	60	20	0	1
118	1	4	206	356	150	3000	20	6	1
126	1	4	206	353	147	600	20	0	1
118	1	4	206	353	147	3000	20	7	1
123	1	4	206	350	144	60	20	0	1
118	1	4	206	347	141	3000	20	0	1
128	1	4	206	347	141	600	20	1	1
118	1	4	206	345	139	3000	20	5	1
118	1	4	206	345	139	3000	20	8	1
126	1	4	206	345	139	600	20	1	1
128	1	4	206	342	136	600	20	0	1
118	1	4	206	335	129	3000	20	9	1
118	1	4	206	335	129	3000	20	4	1
118	1	4	206	335	129	3000	20	3	1
118	1	4	206	343	137	3000	20	1	1
118	1	4	206	344	138	3000	20	2	1
105	1	5	190	355	165	3000	20	9	1
105	1	5	190	348	158	3000	20	0	1
114	1	4	190	347	157	600	20	0	1
113	1	4	190	345	155	60	20	0	1
108	1	4	190	335	145	600	20	1	1
106	1	4	190	343	153	60	20	0	1
89	1	5	171	352	181	600	20	1	1
100	1	4	171	356	185	3000	20	1	1
100	1	4	171	356	185	3000	20	6	1
100	1	4	171	356	185	3000	20	4	1
88	1	4	171	356	185	2400	20	7	1
100	1	4	171	347	176	3000	20	5	1
88	1	4	171	345	174	2400	20	6	1
88	1	4	171	345	174	2400	20	2	1
88	1	4	171	345	174	2400	20	5	1
100	1	4	171	324	153	3000	20	9	1
88	1	4	171	325	154	2400	20	3	1
100	1	4	171	325	154	3000	20	8	1
100	1	4	171	333	162	3000	20	7	1
88	1	4	171	343	172	2400	20	4	1
88	1	4	171	357	186	2400	20	0	1
100	1	4	171	357	186	3000	20	2	1
87	1	5	152	316	164	600	20	0	1
85	1	4	152	356	204	2400	20	1	1
85	1	4	152	356	204	2400	20	6	1
85	1	4	152	265	113	2400	20	2	1
85	1	4	152	325	173	2400	20	3	1
85	1	4	152	333	181	2400	20	4	1
85	1	4	152	343	191	2400	20	7	1
85	1	4	152	357	205	2400	20	0	1
134	2	5	225	359	134	600	21	1	1
134	2	5	225	359	134	600	21	0	1
117	2	5	206	359	153	60	21	0	1
116	2	5	206	359	153	3000	21	7	1
116	2	5	206	359	153	3000	21	9	1
116	2	5	206	359	153	3000	21	3	1
122	0	5	206	353	147	600	21	0	1
116	2	5	206	345	139	3000	21	8	1
116	2	5	206	358	152	3000	21	2	1
112	2	5	190	359	169	2400	21	3	1
107	0	5	190	357	167	60	21	0	1
112	2	5	190	356	166	2400	21	2	1
112	2	5	190	358	168	2400	21	4	1
96	2	5	171	359	188	600	21	1	1
92	0	3	171	359	188	60	21	0	1
102	2	5	171	347	176	600	21	0	1
83	0	5	152	359	207	3000	21	1	1
83	0	5	152	357	205	3000	21	9	1
149	2	4	237	358	121	3000	22	5	1
144	2	4	237	343	106	60	22	0	1
149	2	4	237	356	119	3000	22	3	1
149	2	4	237	359	122	3000	22	4	1
135	1	5	225	355	130	60	22	0	1
129	0	4	206	358	152	60	22	0	1
125	0	4	206	358	152	2400	22	5	1
130	0	5	206	355	149	60	22	0	1
119	0	5	206	353	147	60	22	0	1
105	1	5	190	355	165	3000	22	1	1
105	1	5	190	350	160	3000	22	8	1
105	1	5	190	351	161	3000	22	3	1
105	1	5	190	356	166	3000	22	6	1
110	0	4	190	359	169	600	22	1	1
90	0	4	171	358	187	2400	22	5	1
97	0	4	171	358	187	60	22	0	1
90	0	4	171	355	184	2400	22	4	1
90	0	4	171	346	175	2400	22	0	1
90	0	4	171	359	188	2400	22	1	1
86	0	4	152	358	206	600	22	1	1
83	0	5	152	355	203	3000	22	7	1
83	0	5	152	354	202	3000	22	4	1
82	0	4	152	346	194	60	22	0	1
140	1	3	237	359	122	2400	24	5	1
148	0	4	237	359	122	60	24	0	1
138	1	3	225	359	134	600	24	1	1
125	0	4	206	359	153	2400	24	3	1
104	0	4	190	359	169	600	24	0	1
105	1	5	190	359	169	3000	24	2	1
103	1	3	190	359	169	2400	24	7	1
89	1	5	171	359	188	600	24	0	1
83	0	5	152	359	207	3000	24	2	1
87	1	5	152	359	207	600	24	1	1
127	1	3	206	356	150	600	26	0	1
138	1	3	225	359	134	600	27	0	1
94	0	3	171	357	186	2400	27	5	1
94	0	3	171	358	187	2400	27	4	1
141	1	4	237	359	122	3000	28	6	1
141	1	4	237	359	122	3000	28	3	1
141	1	4	237	359	122	3000	28	8	1
141	1	4	237	318	81	3000	28	5	1
139	1	4	225	359	134	60	28	0	1
118	1	4	206	359	153	3000	28	2	1
118	1	4	206	352	146	3000	28	6	1
118	1	4	206	320	114	3000	28	5	1
118	1	4	206	356	150	3000	28	3	1
108	1	4	190	318	128	600	28	1	1
100	1	4	171	352	181	3000	28	0	1
88	1	4	171	339	168	2400	28	4	1
88	1	4	171	339	168	2400	28	2	1
88	1	4	171	339	168	2400	28	5	1
100	1	4	171	341	170	3000	28	7	1
100	1	4	171	341	170	3000	28	8	1
100	1	4	171	356	185	3000	28	5	1
87	1	5	152	347	195	600	28	0	1
85	1	4	152	352	200	2400	28	5	1
85	1	4	152	341	189	2400	28	2	1
136	0	5	225	358	133	600	29	0	1
116	2	5	206	352	146	3000	29	6	1
116	2	5	206	348	142	3000	29	2	1
116	2	5	206	342	136	3000	29	5	1
116	2	5	206	358	152	3000	29	0	1
116	2	5	206	359	153	3000	29	4	1
112	2	5	190	359	169	2400	29	5	1
101	0	5	171	356	185	600	29	1	1
101	0	5	171	359	188	600	29	0	1
83	0	5	152	359	207	3000	29	7	1
140	1	3	237	352	115	2400	30	3	1
125	0	4	206	354	148	2400	30	7	1
127	1	3	206	359	153	600	30	1	1
110	0	4	190	354	164	600	30	0	1
103	1	3	190	352	162	2400	30	0	1
111	0	4	190	353	163	60	30	0	1
94	0	3	171	352	181	2400	30	1	1
94	0	3	171	352	181	2400	30	3	1
83	0	5	152	350	198	3000	30	5	1
105	1	5	190	350	160	3000	31	9	1
87	1	5	152	346	194	600	31	1	1
83	0	5	152	352	200	3000	31	6	1
149	2	4	237	358	121	3000	33	4	1
149	2	4	237	358	121	3000	33	1	1
149	2	4	237	359	122	3000	33	6	1
135	1	5	225	358	133	60	33	0	1
116	2	5	206	358	152	3000	33	7	1
116	2	5	206	359	153	3000	33	5	1
105	1	5	190	358	168	3000	33	7	1
109	1	5	190	358	168	60	33	0	1
112	2	5	190	358	168	2400	33	5	1
105	1	5	190	358	168	3000	33	3	1
112	2	5	190	358	168	2400	33	0	1
115	0	4	190	355	165	600	33	0	1
112	2	5	190	359	169	2400	33	7	1
112	2	5	190	359	169	2400	33	3	1
112	2	5	190	359	169	2400	33	4	1
101	0	5	171	358	187	600	33	0	1
140	1	3	237	356	119	2400	34	7	1
140	1	3	237	354	117	2400	34	1	1
140	1	3	237	354	117	2400	34	4	1
140	1	3	237	355	118	2400	34	0	1
127	1	3	206	354	148	600	34	0	1
103	1	3	190	343	153	2400	34	1	1
110	0	4	190	340	150	600	34	0	1
94	0	3	171	356	185	2400	34	2	1
94	0	3	171	354	183	2400	34	3	1
94	0	3	171	343	172	2400	34	4	1
92	0	3	171	352	181	60	35	0	1
141	1	4	237	358	121	3000	36	9	1
141	1	4	237	357	120	3000	36	7	1
149	2	4	237	357	120	3000	36	3	1
132	1	4	225	357	132	600	36	0	1
118	1	4	206	358	152	3000	36	8	1
118	1	4	206	358	152	3000	36	9	1
118	1	4	206	358	152	3000	36	0	1
123	1	4	206	358	152	60	36	0	1
118	1	4	206	349	143	3000	36	4	1
118	1	4	206	338	132	3000	36	3	1
126	1	4	206	345	139	600	36	0	1
128	1	4	206	357	151	600	36	0	1
118	1	4	206	359	153	3000	36	1	1
103	1	3	190	358	168	2400	36	6	1
105	1	5	190	359	169	3000	36	7	1
106	1	4	190	358	168	60	36	0	1
114	1	4	190	358	168	600	36	1	1
114	1	4	190	359	169	600	36	0	1
100	1	4	171	358	187	3000	36	6	1
100	1	4	171	358	187	3000	36	2	1
100	1	4	171	314	143	3000	36	0	1
88	1	4	171	289	118	2400	36	7	1
88	1	4	171	309	138	2400	36	3	1
88	1	4	171	359	188	2400	36	1	1
85	1	4	152	312	160	2400	36	4	1
120	2	5	206	358	152	60	37	0	1
116	2	5	206	336	130	3000	37	8	1
116	2	5	206	325	119	3000	37	4	1
116	2	5	206	357	151	3000	37	1	1
116	2	5	206	359	153	3000	37	6	1
105	1	5	190	358	168	3000	37	9	1
96	2	5	171	358	187	600	37	0	1
102	2	5	171	348	177	600	37	0	1
83	0	5	152	329	177	3000	37	0	1
149	2	4	237	356	119	3000	38	4	1
125	0	4	206	356	150	2400	38	7	1
121	0	4	206	356	150	600	38	0	1
119	0	5	206	349	143	60	38	0	1
125	0	4	206	355	149	2400	38	2	1
104	0	4	190	356	166	600	38	0	1
105	1	5	190	347	157	3000	38	3	1
115	0	4	190	355	165	600	38	1	1
113	1	4	190	357	167	60	38	0	1
99	0	4	171	356	185	600	38	0	1
90	0	4	171	356	185	2400	38	6	1
90	0	4	171	356	185	2400	38	5	1
90	0	4	171	356	185	2400	38	3	1
90	0	4	171	322	151	2400	38	7	1
92	0	3	171	348	177	60	38	0	1
90	0	4	171	355	184	2400	38	2	1
99	0	4	171	355	184	600	38	1	1
84	0	4	152	356	204	600	38	1	1
86	0	4	152	356	204	600	38	0	1
83	0	5	152	351	199	3000	38	3	1
83	0	5	152	322	170	3000	38	0	1
85	1	4	152	357	205	2400	38	6	1
103	1	3	190	358	168	2400	39	0	1
94	0	3	171	359	188	2400	39	6	1
83	0	5	152	358	206	3000	39	6	1
141	1	4	237	356	119	3000	40	9	1
140	1	3	237	354	117	2400	40	5	1
140	1	3	237	356	119	2400	40	1	1
146	1	3	237	356	119	60	40	0	1
137	1	3	225	356	131	60	40	0	1
125	0	4	206	356	150	2400	40	4	1
94	0	3	171	353	182	2400	40	7	1
142	0	4	237	357	120	600	41	0	1
149	2	4	237	325	88	3000	41	3	1
149	2	4	237	355	118	3000	41	2	1
133	2	4	225	354	129	60	41	0	1
125	0	4	206	357	151	2400	41	3	1
116	2	5	206	356	150	3000	41	3	1
125	0	4	206	334	128	2400	41	0	1
121	0	4	206	335	129	600	41	0	1
115	0	4	190	326	136	600	41	0	1
115	0	4	190	326	136	600	41	1	1
94	0	3	171	359	188	2400	41	4	1
86	0	4	152	350	198	600	41	0	1
84	0	4	152	332	180	600	41	0	1
148	0	4	237	359	122	60	42	0	1
136	0	5	225	353	128	600	42	1	1
125	0	4	206	359	153	2400	42	3	1
105	1	5	190	359	169	3000	42	8	1
103	1	3	190	356	166	2400	42	3	1
107	0	5	190	358	168	60	42	0	1
90	0	4	171	359	188	2400	42	5	1
93	1	4	171	359	188	600	42	1	1
94	0	3	171	359	188	2400	42	2	1
91	0	4	171	358	187	60	42	0	1
149	2	4	237	346	109	3000	43	9	1
149	2	4	237	353	116	3000	43	8	1
119	0	5	206	345	139	60	43	0	1
129	0	4	206	353	147	60	43	0	1
103	1	3	190	354	164	2400	43	2	1
103	1	3	190	347	157	2400	43	4	1
94	0	3	171	345	174	2400	43	5	1
85	1	4	152	346	194	2400	43	1	1
86	0	4	152	345	193	600	43	1	1
141	1	4	237	352	115	3000	44	9	1
143	1	4	237	355	118	600	44	0	1
140	1	3	237	359	122	2400	44	3	1
132	1	4	225	350	125	600	44	1	1
139	1	4	225	353	128	60	44	0	1
118	1	4	206	356	150	3000	44	4	1
118	1	4	206	352	146	3000	44	0	1
118	1	4	206	304	98	3000	44	6	1
118	1	4	206	351	145	3000	44	1	1
128	1	4	206	355	149	600	44	1	1
108	1	4	190	351	161	600	44	1	1
105	1	5	190	358	168	3000	44	8	1
105	1	5	190	358	168	3000	44	2	1
103	1	3	190	356	166	2400	44	5	1
105	1	5	190	359	169	3000	44	1	1
103	1	3	190	359	169	2400	44	2	1
105	1	5	190	359	169	3000	44	0	1
105	1	5	190	359	169	3000	44	5	1
103	1	3	190	359	169	2400	44	3	1
100	1	4	171	356	185	3000	44	1	1
88	1	4	171	356	185	2400	44	3	1
88	1	4	171	356	185	2400	44	7	1
100	1	4	171	352	181	3000	44	2	1
100	1	4	171	308	137	3000	44	9	1
100	1	4	171	308	137	3000	44	6	1
89	1	5	171	357	186	600	44	0	1
95	1	5	171	359	188	600	44	1	1
85	1	4	152	324	172	2400	44	1	1
85	1	4	152	310	158	2400	44	5	1
85	1	4	152	308	156	2400	44	2	1
85	1	4	152	303	151	2400	44	4	1
87	1	5	152	359	207	600	44	1	1
134	2	5	225	351	126	600	45	1	1
116	2	5	206	358	152	3000	45	1	1
116	2	5	206	352	146	3000	45	7	1
116	2	5	206	306	100	3000	45	5	1
116	2	5	206	347	141	3000	45	2	1
116	2	5	206	351	145	3000	45	6	1
116	2	5	206	359	153	3000	45	9	1
112	2	5	190	358	168	2400	45	3	1
102	2	5	171	357	186	600	45	0	1
149	2	4	237	338	101	3000	46	0	1
149	2	4	237	355	118	3000	46	8	1
125	0	4	206	356	150	2400	46	5	1
125	0	4	206	334	128	2400	46	6	1
125	0	4	206	347	141	2400	46	1	1
125	0	4	206	351	145	2400	46	2	1
111	0	4	190	347	157	60	46	0	1
100	1	4	171	358	187	3000	46	1	1
90	0	4	171	356	185	2400	46	6	1
90	0	4	171	326	155	2400	46	0	1
91	0	4	171	351	180	60	46	0	1
85	1	4	152	304	152	2400	46	3	1
84	0	4	152	355	203	600	46	1	1
142	0	4	237	356	119	600	47	0	1
145	1	3	237	354	117	600	47	0	1
145	1	3	237	354	117	600	47	1	1
140	1	3	237	354	117	2400	47	3	1
140	1	3	237	355	118	2400	47	7	1
140	1	3	237	355	118	2400	47	6	1
140	1	3	237	357	120	2400	47	2	1
137	1	3	225	354	129	60	47	0	1
138	1	3	225	354	129	600	47	0	1
135	1	5	225	359	134	60	47	0	1
130	0	5	206	354	148	60	47	0	1
122	0	5	206	355	149	600	47	1	1
110	0	4	190	356	166	600	47	1	1
112	2	5	190	354	164	2400	47	0	1
103	1	3	190	354	164	2400	47	7	1
112	2	5	190	354	164	2400	47	5	1
112	2	5	190	355	165	2400	47	2	1
107	0	5	190	355	165	60	47	0	1
103	1	3	190	357	167	2400	47	5	1
94	0	3	171	356	185	2400	47	6	1
94	0	3	171	354	183	2400	47	7	1
94	0	3	171	354	183	2400	47	5	1
95	1	5	171	354	183	600	47	1	1
94	0	3	171	355	184	2400	47	3	1
94	0	3	171	357	186	2400	47	2	1
102	2	5	171	359	188	600	47	1	1
83	0	5	152	356	204	3000	47	2	1
83	0	5	152	356	204	3000	47	8	1
83	0	5	152	356	204	3000	47	1	1
83	0	5	152	359	207	3000	47	5	1
87	1	5	152	359	207	600	47	0	1
145	1	3	237	346	109	600	48	1	1
140	1	3	237	346	109	2400	48	2	1
146	1	3	237	344	107	60	48	0	1
140	1	3	237	342	105	2400	48	0	1
140	1	3	237	347	110	2400	48	4	1
140	1	3	237	351	114	2400	48	6	1
138	1	3	225	345	120	600	48	0	1
138	1	3	225	347	122	600	48	1	1
137	1	3	225	353	128	60	48	0	1
127	1	3	206	346	140	600	48	0	1
103	1	3	190	352	162	2400	48	5	1
103	1	3	190	348	158	2400	48	0	1
103	1	3	190	351	161	2400	48	4	1
103	1	3	190	353	163	2400	48	1	1
94	0	3	171	344	173	2400	48	7	1
94	0	3	171	351	180	2400	48	5	1
144	2	4	237	344	107	60	49	0	1
149	2	4	237	353	116	3000	49	7	1
142	0	4	237	357	120	600	49	1	1
122	0	5	206	356	150	600	49	1	1
121	0	4	206	322	116	600	49	1	1
121	0	4	206	321	115	600	49	0	1
125	0	4	206	345	139	2400	49	1	1
125	0	4	206	345	139	2400	49	7	1
119	0	5	206	357	151	60	49	0	1
124	1	5	206	357	151	60	49	0	1
122	0	5	206	357	151	600	49	0	1
110	0	4	190	350	160	600	49	1	1
112	2	5	190	348	158	2400	49	2	1
115	0	4	190	326	136	600	49	0	1
104	0	4	190	321	131	600	49	1	1
111	0	4	190	321	131	60	49	0	1
115	0	4	190	321	131	600	49	1	1
107	0	5	190	345	155	60	49	0	1
94	0	3	171	354	183	2400	49	7	1
89	1	5	171	350	179	600	49	1	1
97	0	4	171	348	177	60	49	0	1
101	0	5	171	320	149	600	49	0	1
98	0	5	171	321	150	60	49	0	1
94	0	3	171	319	148	2400	49	0	1
83	0	5	152	321	169	3000	49	8	1
82	0	4	152	325	173	60	49	0	1
83	0	5	152	351	199	3000	49	2	1
125	0	4	206	359	153	2400	50	1	1
111	0	4	190	358	168	60	50	0	1
110	0	4	190	359	169	600	50	1	1
101	0	5	171	354	183	600	50	0	1
91	0	4	171	260	89	60	50	0	1
99	0	4	171	260	89	600	50	1	1
99	0	4	171	260	89	600	50	0	2
97	0	4	171	260	89	60	50	0	2
90	0	4	171	237	66	2400	50	1	3
90	0	4	171	237	66	2400	50	2	3
90	0	4	171	237	66	2400	50	3	3
90	0	4	171	237	66	2400	50	4	3
90	0	4	171	259	88	2400	50	7	2
90	0	4	171	259	88	2400	50	6	2
90	0	4	171	259	88	2400	50	5	1
90	0	4	171	259	88	2400	50	0	2
101	0	5	171	281	110	600	50	1	1
83	0	5	152	286	134	3000	50	6	1
83	0	5	152	286	134	3000	50	7	1
83	0	5	152	260	108	3000	50	3	1
84	0	4	152	260	108	600	50	1	2
86	0	4	152	260	108	600	50	0	2
86	0	4	152	260	108	600	50	1	2
82	0	4	152	260	108	60	50	0	2
83	0	5	152	260	108	3000	50	8	1
84	0	4	152	261	109	600	50	0	2
83	0	5	152	281	129	3000	50	9	1
83	0	5	152	281	129	3000	50	1	1
83	0	5	152	281	129	3000	50	2	1
83	0	5	152	281	129	3000	50	4	1
83	0	5	152	311	159	3000	50	0	1
99	0	4	171	349	178	600	51	1	1
140	1	3	237	358	121	2400	52	5	1
145	1	3	237	356	119	600	52	1	1
140	1	3	237	356	119	2400	52	2	1
140	1	3	237	318	81	2400	52	0	1
149	2	4	237	352	115	3000	52	6	1
141	1	4	237	352	115	3000	52	1	1
141	1	4	237	348	111	3000	52	2	1
141	1	4	237	344	107	3000	52	0	1
141	1	4	237	344	107	3000	52	9	1
147	1	4	237	344	107	60	52	0	1
141	1	4	237	340	103	3000	52	7	1
141	1	4	237	334	97	3000	52	3	1
141	1	4	237	332	95	3000	52	5	1
143	1	4	237	335	98	600	52	0	1
149	2	4	237	337	100	3000	52	9	1
141	1	4	237	345	108	3000	52	8	1
141	1	4	237	347	110	3000	52	4	1
141	1	4	237	353	116	3000	52	6	1
135	1	5	225	358	133	60	52	0	1
136	0	5	225	356	131	600	52	1	1
137	1	3	225	356	131	60	52	0	1
138	1	3	225	356	131	600	52	1	1
138	1	3	225	292	67	600	52	0	1
132	1	4	225	352	127	600	52	0	1
139	1	4	225	299	74	60	52	0	1
132	1	4	225	299	74	600	52	1	1
131	1	4	225	337	112	60	52	0	1
133	2	4	225	353	128	60	52	0	1
127	1	3	206	356	150	600	52	1	1
124	1	5	206	356	150	60	52	0	1
118	1	4	206	336	130	3000	52	5	1
125	0	4	206	336	130	2400	52	4	1
123	1	4	206	336	130	60	52	0	1
118	1	4	206	334	128	3000	52	0	1
118	1	4	206	230	24	3000	52	6	1
118	1	4	206	230	24	3000	52	4	1
118	1	4	206	230	24	3000	52	1	1
128	1	4	206	229	23	600	52	1	1
128	1	4	206	229	23	600	52	0	1
126	1	4	206	229	23	600	52	1	1
126	1	4	206	229	23	600	52	0	1
118	1	4	206	229	23	3000	52	9	1
118	1	4	206	229	23	3000	52	7	3
118	1	4	206	299	93	3000	52	3	1
118	1	4	206	299	93	3000	52	8	1
118	1	4	206	337	131	3000	52	2	1
125	0	4	206	353	147	2400	52	6	1
109	1	5	190	358	168	60	52	0	1
105	1	5	190	358	168	3000	52	3	1
105	1	5	190	356	166	3000	52	7	1
103	1	3	190	288	98	2400	52	3	1
103	1	3	190	224	34	2400	52	2	1
103	1	3	190	222	32	2400	52	4	1
105	1	5	190	221	31	3000	52	6	3
105	1	5	190	221	31	3000	52	5	3
105	1	5	190	221	31	3000	52	4	3
105	1	5	190	221	31	3000	52	2	1
105	1	5	190	221	31	3000	52	1	1
105	1	5	190	221	31	3000	52	0	1
103	1	3	190	221	31	2400	52	6	1
108	1	4	190	248	58	600	52	0	1
114	1	4	190	248	58	600	52	1	1
106	1	4	190	236	46	60	52	0	1
108	1	4	190	234	44	600	52	1	1
113	1	4	190	228	38	60	52	0	1
114	1	4	190	249	59	600	52	0	1
104	0	4	190	297	107	600	52	1	1
95	1	5	171	308	137	600	52	0	1
95	1	5	171	288	117	600	52	1	1
94	0	3	171	288	117	2400	52	1	1
89	1	5	171	222	51	600	52	1	1
89	1	5	171	181	10	600	52	0	1
101	0	5	171	319	148	600	52	1	1
93	1	4	171	334	163	600	52	0	1
88	1	4	171	284	113	2400	52	1	1
88	1	4	171	262	91	2400	52	0	1
93	1	4	171	262	91	600	52	1	1
100	1	4	171	248	77	3000	52	3	1
100	1	4	171	238	67	3000	52	1	1
100	1	4	171	236	65	3000	52	6	1
88	1	4	171	236	65	2400	52	5	1
88	1	4	171	234	63	2400	52	7	1
100	1	4	171	234	63	3000	52	7	1
100	1	4	171	234	63	3000	52	4	1
88	1	4	171	228	57	2400	52	2	1
100	1	4	171	226	55	3000	52	8	1
100	1	4	171	186	15	3000	52	5	1
100	1	4	171	187	16	3000	52	2	1
88	1	4	171	187	16	2400	52	3	1
100	1	4	171	215	44	3000	52	9	1
88	1	4	171	227	56	2400	52	6	1
100	1	4	171	237	66	3000	52	0	1
88	1	4	171	237	66	2400	52	4	1
83	0	5	152	328	176	3000	52	3	1
83	0	5	152	328	176	3000	52	4	1
87	1	5	152	218	66	600	52	0	1
87	1	5	152	188	36	600	52	1	1
83	0	5	152	329	177	3000	52	5	1
85	1	4	152	284	132	2400	52	6	1
85	1	4	152	248	96	2400	52	1	1
85	1	4	152	236	84	2400	52	3	1
85	1	4	152	234	82	2400	52	4	1
85	1	4	152	228	76	2400	52	5	1
85	1	4	152	237	85	2400	52	2	1
85	1	4	152	237	85	2400	52	7	1
85	1	4	152	249	97	2400	52	0	1
140	1	3	237	356	119	2400	53	6	1
136	0	5	225	356	131	600	53	0	1
134	2	5	225	338	113	600	53	1	1
134	2	5	225	357	132	600	53	0	1
116	2	5	206	358	152	3000	53	3	1
116	2	5	206	356	150	3000	53	0	1
117	2	5	206	356	150	60	53	0	1
116	2	5	206	356	150	3000	53	9	1
122	0	5	206	340	134	600	53	0	1
124	1	5	206	340	134	60	53	0	1
116	2	5	206	338	132	3000	53	6	1
116	2	5	206	338	132	3000	53	2	1
116	2	5	206	337	131	3000	53	7	1
116	2	5	206	337	131	3000	53	8	1
116	2	5	206	339	133	3000	53	5	1
116	2	5	206	339	133	3000	53	4	1
120	2	5	206	357	151	60	53	0	1
116	2	5	206	357	151	3000	53	1	1
112	2	5	190	356	166	2400	53	3	1
109	1	5	190	340	150	60	53	0	1
112	2	5	190	340	150	2400	53	6	1
105	1	5	190	340	150	3000	53	9	1
112	2	5	190	338	148	2400	53	4	1
112	2	5	190	337	147	2400	53	2	1
112	2	5	190	339	149	2400	53	5	1
112	2	5	190	339	149	2400	53	1	1
98	0	5	171	358	187	60	53	0	1
96	2	5	171	340	169	600	53	0	1
102	2	5	171	340	169	600	53	1	1
102	2	5	171	338	167	600	53	0	1
96	2	5	171	299	128	600	53	1	1
83	0	5	152	358	206	3000	53	0	1
83	0	5	152	340	188	3000	53	7	1
83	0	5	152	340	188	3000	53	6	1
83	0	5	152	340	188	3000	53	9	1
83	0	5	152	338	186	3000	53	1	1
